[main]
nm_left = 334.0
nm_right = 804.0
nm_step = 0.12714
baseline_limit = 100

[methods]
crystalx = 0,576,mymol,0.0,5,15|1,3.0,0.23572229297382125,80,100000|2,6.0,0.49418983232280744,80,100000|3,9.0,0.6972117246796802,80,100000|4,12.0,0.8832872046419623,80,100000|5,15.0,1.0800630625574945,80,100000

